   0.0144220307
   0.0141807860
   0.0033236240
   0.0229941062
   0.0114931824
   0.0025733647
   0.0141155315
   0.0181651556
  -0.0302538668
  -0.0336112887
  -0.0432580053
  -0.0408054006
  -0.0214561296
  -0.0131505797
  -0.0313762094
  -0.0454246475
  -0.0492548982
  -0.0486530505
  -0.0358179731
   0.0029391419
  -0.0229575798
  -0.0432295581
  -0.0483213278
  -0.0497006506
  -0.0454477010
  -0.0159463535
  -0.0387579050
  -0.0435706691
  -0.0410755249
  -0.0229819440
  -0.0127328602
  -0.0297162074
  -0.0231099759
   0.0081868085
  -0.0045442785
  -0.0020437449
  -0.0180831029
  -0.0105531619
  -0.0195785956
  -0.0214737335
  -0.0025437077
  -0.0067517970
  -0.0232351019
  -0.0146407570
   0.0130792966
   0.0052958535
   0.0061532028
   0.0046990348
  -0.0174101667
  -0.0123694257
  -0.0084413259
   0.0126842696
   0.0149419693
   0.0164671763
   0.0153356412
   0.0096521742
   0.0160794432
   0.0161584679
   0.0166404480
   0.0182412117
   0.0151165021
   0.0179391634
   0.0076799822
  -0.0028622218
   0.0099736725
   0.0126066123
  -0.0061470438
   0.0095967983
   0.0136865507
   0.0138306483
  -0.0024163543
   0.0101081186
   0.0136403443
   0.0145820772
   0.0059194125
   0.0113067363
   0.0162571813
   0.0202458355
   0.0135831101
   0.0178291873
   0.0171728797
   0.0144220450
   0.0168464383
   0.0176561916
   0.0139533839
   0.0057585312
   0.0156350469
   0.0147113875
   0.0087461818
   0.0172137409
   0.0305621893
   0.0038637374
   0.0172526186
   0.0389852547
   0.0243387973
   0.0338705243
   0.0391339557
   0.0285914898
   0.0327209198
   0.0297373162
   0.0192620508
   0.0050700907
   0.0118534933
   0.0118864943
   0.0126878007
   0.0126884232
   0.0092723015
  -0.0029429872
   0.0046780858
  -0.0002273320
   0.0145757267
   0.0071350635
   0.0024358173
   0.0100791228
   0.0120694987
  -0.0227921551
  -0.0251049512
  -0.0329565970
  -0.0305235803
  -0.0165799100
  -0.0110194918
  -0.0233025073
  -0.0349316426
  -0.0385993442
  -0.0371396443
  -0.0266422063
  -0.0017178081
  -0.0169696127
  -0.0332369423
  -0.0387509982
  -0.0402587620
  -0.0379894116
  -0.0269470837
  -0.0096467432
  -0.0301988200
  -0.0366212551
  -0.0380649990
  -0.0351562514
  -0.0226787952
  -0.0075040440
  -0.0269513888
  -0.0318441554
  -0.0287813079
  -0.0138134498
  -0.0070572856
  -0.0199097587
  -0.0146088878
   0.0116173609
   0.0008503116
   0.0011553618
  -0.0087263472
  -0.0049806702
  -0.0132097130
  -0.0115348988
   0.0035240928
  -0.0039501596
  -0.0152666534
  -0.0129291073
   0.0016620105
  -0.0145516949
  -0.0096642130
   0.0072856001
   0.0033874069
   0.0044111959
  -0.0094239348
  -0.0071486497
  -0.0035096032
   0.0131597368
   0.0118349964
   0.0072543590
   0.0099704240
   0.0119744208
   0.0135599758
   0.0138426960
   0.0119581661
   0.0066772189
   0.0122863799
   0.0130255679
   0.0129330790
   0.0143251328
   0.0140067283
   0.0115014367
   0.0139483079
  -0.0065116363
   0.0040281202
   0.0085473181
  -0.0145688006
   0.0024750034
   0.0088213458
   0.0106513954
  -0.0035169993
   0.0064727672
   0.0103467805
   0.0114704239
  -0.0059846449
   0.0046960544
   0.0095357863
   0.0113957533
   0.0078290375
   0.0126041372
   0.0144290329
   0.0100559216
   0.0127356077
   0.0141490994
   0.0131790231
   0.0128519566
   0.0143394180
   0.0138741469
   0.0106220152
   0.0065966541
   0.0129835258
   0.0135432065
   0.0129946165
   0.0097031836
   0.0004237823
   0.0129773948
   0.0103536799
   0.0025186551
   0.0201986868
   0.0043679787
   0.0153886685
   0.0274932429
   0.0158310839
   0.0254408129
   0.0303319226
   0.0226074233
   0.0180665792
   0.0284944085
   0.0280410214
   0.0213812672
   0.0240337099
   0.0200169607
   0.0146734559
   0.0076798762
   0.0032334180
   0.0101312871
   0.0102172336
   0.0108878599
   0.0105810062
   0.0041307869
   0.0081119677
  -0.0016960253
   0.0095363537
   0.0043694278
   0.0073387285
   0.0021476220
   0.0076089368
   0.0087075364
  -0.0175481732
  -0.0192699277
  -0.0263459015
  -0.0240319492
  -0.0121455544
  -0.0076733195
  -0.0169904742
  -0.0272295781
  -0.0311073245
  -0.0307277675
  -0.0246782041
  -0.0001956844
  -0.0106921893
  -0.0252430584
  -0.0309820759
  -0.0327520617
  -0.0314579263
  -0.0248157266
  -0.0041314338
  -0.0223486374
  -0.0289908995
  -0.0308523096
  -0.0292153858
  -0.0217782362
  -0.0031256933
  -0.0197768262
  -0.0251054854
  -0.0240632582
  -0.0156515904
  -0.0041684066
  -0.0150675193
  -0.0106583940
   0.0086159283
   0.0026352706
   0.0023011126
  -0.0053995937
  -0.0002887630
  -0.0019037048
  -0.0091550384
  -0.0057861341
   0.0062886016
  -0.0050927398
  -0.0106957465
  -0.0070110553
   0.0046682047
  -0.0044422627
  -0.0097209983
  -0.0042326509
   0.0081671176
   0.0039853927
   0.0040737128
  -0.0050233384
  -0.0038040546
  -0.0007635010
   0.0112450572
   0.0093087641
   0.0094367553
   0.0109766516
   0.0117018136
   0.0111888906
   0.0086744273
   0.0029046797
   0.0094643488
   0.0102591102
   0.0105044685
   0.0117739026
   0.0113480315
   0.0088621427
   0.0112180911
  -0.0086679867
   0.0021210951
   0.0070681387
  -0.0029244667
   0.0049792011
   0.0081375942
   0.0097640029
  -0.0096443302
   0.0019741567
   0.0070348019
   0.0091534784
   0.0005221328
   0.0063330751
   0.0090254624
   0.0100138939
   0.0110318099
   0.0104735444
   0.0114759707
   0.0104131915
   0.0103171128
   0.0114769350
   0.0118908554
   0.0106201250
   0.0071433850
   0.0114488893
   0.0114309169
   0.0101039048
   0.0060593000
   0.0107872995
   0.0073475188
   0.0145884127
   0.0116104525
   0.0208729916
   0.0112801005
   0.0116320364
   0.0202618401
   0.0234547512
   0.0168885120
   0.0156206590
   0.0226822878
   0.0217008686
   0.0162241563
   0.0193440392
   0.0152727413
   0.0102878187
   0.0055044441
   0.0020394549
   0.0070184544
   0.0068569869
   0.0094183832
   0.0091756461
   0.0088103404
   0.0092147287
   0.0096916988
   0.0093885758
   0.0069856866
   0.0001674952
  -0.0016583393
   0.0089634416
   0.0038218383
   0.0071536497
  -0.0022681747
   0.0063462691
   0.0025989389
   0.0066354932
  -0.0022871632
  -0.0050725601
   0.0018764534
   0.0059447174
   0.0066519305
  -0.0138247965
  -0.0151637116
  -0.0207210600
  -0.0187737433
  -0.0098928956
  -0.0067202448
  -0.0136908675
  -0.0211935335
  -0.0246929109
  -0.0249610508
  -0.0216884056
  -0.0139627491
  -0.0032579875
  -0.0093121558
  -0.0199783876
  -0.0250683130
  -0.0269506471
  -0.0263860227
  -0.0225452429
  -0.0035263443
  -0.0171370936
  -0.0234569162
  -0.0261389803
  -0.0265743390
  -0.0246499144
  -0.0189769248
  -0.0002465888
  -0.0153498809
  -0.0217936921
  -0.0239619563
  -0.0231129646
  -0.0184944869
  -0.0012942892
  -0.0133088699
  -0.0182705832
  -0.0183603746
  -0.0136804994
  -0.0103659184
  -0.0069183110
   0.0053251762
   0.0036388525
   0.0028007957
   0.0014450800
  -0.0017810804
   0.0023168381
  -0.0014219238
  -0.0049994230
  -0.0016129607
   0.0071291811
  -0.0017250975
  -0.0065462985
  -0.0056719769
   0.0002010019
   0.0101225373
  -0.0048349574
  -0.0070933266
  -0.0034633768
   0.0048534137
  -0.0039254650
  -0.0056295926
  -0.0013477304
   0.0061334354
   0.0031278509
   0.0032729873
  -0.0019729419
  -0.0016737933
   0.0007208231
   0.0099222907
   0.0100513153
   0.0093313358
   0.0070063029
   0.0013824360
   0.0082165387
   0.0095337331
   0.0100929963
   0.0096122642
   0.0075910384
   0.0035482918
   0.0077883351
   0.0083683441
   0.0088710567
   0.0098613505
   0.0094523505
   0.0075814451
   0.0092275896
   0.0008836017
   0.0056269123
  -0.0040566287
   0.0030354853
   0.0062956492
  -0.0024062397
   0.0037141526
   0.0066636878
   0.0082147880
  -0.0123072070
  -0.0010617452
   0.0043534429
   0.0070709474
   0.0086161244
   0.0003766201
   0.0051468741
   0.0078653799
   0.0080506254
   0.0081423915
   0.0086708874
   0.0093846329
   0.0085454975
   0.0087256777
   0.0097134855
   0.0099896163
   0.0090168079
   0.0066998208
   0.0100619248
   0.0098037084
   0.0083425797
   0.0047876959
   0.0093322300
   0.0071419696
   0.0017242560
   0.0097406029
   0.0148355479
   0.0061644183
   0.0150529344
   0.0179085944
   0.0118342932
   0.0135973456
   0.0181028618
   0.0183683237
   0.0135631754
   0.0009434181
   0.0129947506
   0.0179588199
   0.0160427524
   0.0118435364
   0.0142002242
   0.0108951429
