   0.0273348091
   0.0285183811
   0.0215037250
   0.0309773392
   0.0090127138
   0.0087684588
   0.0113726507
   0.0096052362
   0.0247052353
   0.0139812300
   0.0288443956
   0.0184935115
   0.0114333993
  -0.0091840455
  -0.0214133594
  -0.0172953465
  -0.0332651492
  -0.0203020055
  -0.0322792319
  -0.0330143874
  -0.0047078005
  -0.0347243539
  -0.0183949576
  -0.0097166958
  -0.0256640488
  -0.0167010842
  -0.0126557720
   0.0041978057
   0.0055024249
   0.0188809507
   0.0027398946
   0.0097804397
  -0.0022321530
   0.0018938144
   0.0023948242
   0.0166438194
   0.0054705259
   0.0076445897
   0.0090807827
   0.0014495546
   0.0053177258
  -0.0014721513
  -0.0046612022
   0.0148574019
   0.0048478451
  -0.0024795625
   0.0074810802
  -0.0250900227
  -0.0290102281
  -0.0401753764
  -0.0339654836
  -0.0423474314
  -0.0465458114
  -0.0387336569
  -0.0414529962
  -0.0473491283
  -0.0462111231
  -0.0406150198
  -0.0457231412
  -0.0401097590
  -0.0229656124
  -0.0376232801
  -0.0325159598
  -0.0205705688
   0.0012240997
  -0.0005951993
   0.0132144715
   0.0008858689
   0.0032791415
   0.0197038043
   0.0037286134
   0.0056505691
   0.0165780126
  -0.0035316941
   0.0196861354
  -0.0007171643
   0.0095735211
  -0.0291403646
  -0.0378756442
  -0.0465872003
  -0.0368448947
  -0.0513776794
  -0.0537449883
  -0.0496261415
  -0.0448549084
  -0.0541955162
  -0.0553010053
  -0.0528318954
  -0.0399747259
  -0.0497710555
  -0.0525902709
  -0.0477120352
  -0.0345867862
  -0.0433966585
  -0.0304490410
  -0.0222172521
   0.0040265298
   0.0032653049
   0.0134253122
   0.0029449620
   0.0026492012
   0.0047247691
   0.0096170772
   0.0003669846
   0.0094643271
   0.0119608500
   0.0029812682
   0.0035206482
  -0.0022169742
  -0.0017353942
   0.0041915667
   0.0056129272
   0.0035828657
  -0.0378042468
   0.0028668275
  -0.0009015487
  -0.0029602065
   0.0296242534
   0.0353350361
   0.0315790444
   0.0303213299
   0.0496568210
   0.0366854848
   0.0320621496
   0.0300939141
   0.0375173506
   0.0307095650
   0.0375895079
   0.0222113514
   0.0028636520
   0.0274078818
   0.0205685234
   0.0096327938
  -0.0082835139
  -0.0026520677
   0.0233085740
   0.0175533902
   0.0120249502
   0.0179932342
   0.0246611676
   0.0200832539
   0.0183630857
   0.0222486875
   0.0150800231
   0.0072971860
   0.0165003915
   0.0226896267
   0.0258189033
   0.0198242916
   0.0069563614
  -0.0188773479
   0.0050109835
   0.0365474492
   0.0255945918
   0.0440322699
   0.0252040054
   0.0360205677
   0.0441867375
   0.0260264002
   0.0365762621
   0.0371494535
   0.0272773072
  -0.0097337423
   0.0021774174
   0.0103028828
   0.0048204205
  -0.0170429933
   0.0101932935
   0.0046869579
  -0.0190669299
   0.0012778885
   0.0056885085
   0.0055505179
   0.0024400584
  -0.0032552075
   0.0063518434
   0.0070999068
  -0.0148845728
   0.0022303552
   0.0083146368
   0.0081563876
  -0.0238097583
   0.0009634613
  -0.0248086501
  -0.0003497241
  -0.0258996095
  -0.0096743838
   0.0033994853
   0.0085995001
   0.0052320545
   0.0041501224
   0.0010706411
   0.0073398256
   0.0067009408
   0.0065093313
   0.0026681348
   0.0008669464
   0.0022264468
   0.0026498426
  -0.0041471767
   0.0009130458
   0.0031188543
   0.0033563649
  -0.0027093653
  -0.0187337683
  -0.0066476235
  -0.0378386562
   0.0043598873
  -0.0055914736
  -0.0330141897
   0.0022333172
   0.0034124485
  -0.0019493137
  -0.0188121521
   0.0009372149
   0.0018161638
   0.0026271045
  -0.0050470734
   0.0014896672
   0.0023006506
  -0.0211015335
  -0.0041571859
  -0.0228952300
  -0.0013823116
   0.0043587046
  -0.0265719175
  -0.0023856934
   0.0036613013
  -0.0068285988
   0.0224112020
   0.0246991807
   0.0320847308
   0.0233187472
   0.0177061372
   0.0238074068
   0.0252547468
   0.0086446359
   0.0075278290
   0.0108881137
   0.0074607175
   0.0188560841
   0.0102421505
   0.0334357336
   0.0141232284
   0.0220128716
   0.0134824608
   0.0090705579
  -0.0053912988
  -0.0132498408
  -0.0103119988
  -0.0210187879
  -0.0129029751
  -0.0233622197
  -0.0192895269
   0.0025359453
  -0.0240210458
  -0.0189625114
  -0.0151281568
  -0.0222777162
  -0.0114102986
  -0.0073069749
  -0.0162359308
  -0.0100524694
  -0.0075507460
   0.0026700239
   0.0028806993
   0.0107735978
   0.0006675628
   0.0056718294
  -0.0034321394
   0.0006648190
   0.0027904021
   0.0096235177
   0.0037431628
   0.0054841804
   0.0053876564
   0.0024503096
   0.0015857946
  -0.0019164782
  -0.0056833180
   0.0084749927
   0.0030233139
  -0.0034370596
   0.0035994455
  -0.0179498321
  -0.0196844242
  -0.0289560404
  -0.0245124318
  -0.0305492730
  -0.0349016896
  -0.0287058204
  -0.0287749455
  -0.0360923735
  -0.0363243424
  -0.0277170034
  -0.0356036163
  -0.0362430374
  -0.0279410805
  -0.0338269110
  -0.0295692727
  -0.0137069992
  -0.0262534857
  -0.0230377264
  -0.0140683195
   0.0009846787
  -0.0025906688
   0.0078058483
  -0.0011334744
   0.0005966436
   0.0110440501
   0.0030738922
   0.0012863357
   0.0093509588
  -0.0045490091
  -0.0022787477
  -0.0126995678
   0.0045789323
  -0.0215191888
  -0.0273005880
  -0.0347131365
  -0.0267991852
  -0.0385915868
  -0.0416480124
  -0.0371042842
  -0.0403624345
  -0.0442098497
  -0.0435755111
  -0.0378050060
  -0.0396078579
  -0.0437426122
  -0.0430670677
  -0.0368885887
  -0.0369612989
  -0.0400824969
  -0.0343637653
  -0.0246580306
  -0.0315354733
  -0.0208936287
  -0.0160677314
   0.0032924395
   0.0016506429
   0.0076695903
  -0.0002163416
   0.0024026814
   0.0024154569
   0.0072962065
   0.0080998870
   0.0074233719
   0.0085655359
   0.0063220978
   0.0002989458
   0.0015822334
  -0.0033245047
   0.0010332797
   0.0026736221
   0.0018954591
   0.0021745232
  -0.0036745831
   0.0256959671
   0.0288700288
   0.0267057131
   0.0257060939
   0.0376392656
   0.0302757816
   0.0274706361
   0.0258066715
   0.0381708022
   0.0309711705
   0.0273012058
   0.0255847078
   0.0399487913
   0.0313245660
   0.0264855163
   0.0306301977
   0.0198479353
   0.0105884275
  -0.0047154657
   0.0224641873
   0.0174615729
   0.0101344639
  -0.0007083274
  -0.0057646599
   0.0193818187
   0.0150885735
   0.0100435910
   0.0118760945
   0.0170080962
   0.0208528033
   0.0162852593
   0.0143569794
   0.0179841970
   0.0129626372
   0.0059801565
   0.0091809800
   0.0152291847
   0.0189531166
   0.0210346022
   0.0163789045
   0.0077038914
  -0.0077227641
   0.0196823177
   0.0105162143
  -0.0068081291
   0.0296197464
   0.0220912584
   0.0363653399
   0.0214492794
   0.0296243867
   0.0392170406
   0.0156673590
   0.0260020651
   0.0325103866
   0.0365103418
   0.0083605873
   0.0224791444
   0.0302876384
   0.0301178154
   0.0234504708
  -0.0012072079
   0.0059421385
  -0.0000558920
   0.0079226557
   0.0043544780
  -0.0055506895
   0.0057624214
  -0.0006667625
   0.0041388976
  -0.0029398188
   0.0029522334
   0.0035237262
   0.0016934169
  -0.0046164409
  -0.0001051107
   0.0045415691
   0.0043973022
  -0.0207929910
  -0.0051139711
   0.0030942451
   0.0058548348
   0.0049101273
  -0.0099097069
   0.0014029027
   0.0065008021
  -0.0300982302
  -0.0087519672
   0.0014566898
   0.0067463854
  -0.0126972914
  -0.0023561711
   0.0039270555
   0.0061586489
   0.0032413427
   0.0028253779
  -0.0006499307
   0.0021666534
   0.0050959503
   0.0041241809
   0.0039011042
   0.0002911387
  -0.0004857441
   0.0000150839
   0.0009585947
  -0.0022968866
  -0.0046795785
  -0.0001543198
  -0.0001089938
   0.0014066801
  -0.0009654095
  -0.0083717561
  -0.0203887881
   0.0016627383
  -0.0040140017
  -0.0164691752
   0.0012907468
  -0.0033930918
  -0.0148993831
  -0.0007268841
   0.0012651089
  -0.0006830503
  -0.0082176380
  -0.0224016290
  -0.0004990419
  -0.0003604433
   0.0008234661
  -0.0025720469
  -0.0052124233
   0.0003766800
   0.0000871513
  -0.0168181626
  -0.0076013643
  -0.0239091127
  -0.0059923990
   0.0003953510
  -0.0120105513
  -0.0016978789
   0.0022019223
  -0.0077385952
  -0.0005363661
  -0.0105982517
   0.0187865152
   0.0208999531
   0.0250753481
   0.0233418157
   0.0194545420
   0.0205732971
   0.0157593511
   0.0074072937
  -0.0112468460
   0.0201485672
   0.0223789240
   0.0212380006
   0.0080046429
   0.0069406015
   0.0100780131
   0.0064378966
   0.0151921247
   0.0083156216
   0.0257328143
   0.0101754995
   0.0209337908
   0.0066405021
   0.0287866359
   0.0176500204
   0.0107583833
   0.0078338609
  -0.0028589154
  -0.0081887677
  -0.0058290226
  -0.0078509248
  -0.0133955875
  -0.0078682320
  -0.0153277195
  -0.0125809333
  -0.0165451433
  -0.0073484615
  -0.0161230476
  -0.0121555477
  -0.0105992778
  -0.0143958004
  -0.0067546290
  -0.0050233484
  -0.0102698926
  -0.0056554353
  -0.0041769059
   0.0021155276
   0.0025407102
   0.0067371016
   0.0002573876
   0.0037838875
  -0.0029293522
   0.0005258521
   0.0029013426
   0.0061279040
   0.0035754673
   0.0047525512
   0.0038055734
   0.0030620280
   0.0000019110
  -0.0016120777
  -0.0053320650
   0.0025827692
  -0.0076880515
  -0.0033239557
   0.0019291761
  -0.0131182590
  -0.0132472236
  -0.0220151423
  -0.0185355260
  -0.0217579239
  -0.0271550533
  -0.0244429448
  -0.0193156826
  -0.0275831922
  -0.0290973397
  -0.0180797045
  -0.0270123020
  -0.0289187018
  -0.0236687911
  -0.0187196394
  -0.0259116480
  -0.0245793157
  -0.0194390665
  -0.0173434217
  -0.0097254112
   0.0003566823
   0.0047164467
  -0.0006411762
   0.0067455694
   0.0020993252
  -0.0007486837
   0.0054182174
  -0.0045835278
  -0.0027813327
  -0.0091740429
   0.0020308408
  -0.0163750143
  -0.0206347737
  -0.0274425082
  -0.0203141019
  -0.0267288226
  -0.0332817825
  -0.0326619092
  -0.0247657693
  -0.0286187756
  -0.0350442632
  -0.0362454371
  -0.0336781143
  -0.0345731714
  -0.0358027861
  -0.0330353596
  -0.0253625481
  -0.0319326245
  -0.0308736163
  -0.0187266637
  -0.0246507105
  -0.0120232955
   0.0023155444
   0.0011032126
   0.0048140035
  -0.0009454342
   0.0018605218
   0.0014971651
   0.0007504580
  -0.0056582577
   0.0054167385
  -0.0130273256
  -0.0008190688
   0.0042771084
   0.0059832829
   0.0053452870
   0.0057184129
   0.0040821627
  -0.0004612695
   0.0007745230
  -0.0034287505
  -0.0004924933
   0.0005254412
   0.0003124638
   0.0008490845
  -0.0005725162
  -0.0061093542
  -0.0204364243
   0.0000250195
  -0.0037445683
   0.0228650292
   0.0256366269
   0.0234880758
   0.0320386689
   0.0263534466
   0.0240476676
   0.0225683058
   0.0326628835
   0.0269323138
   0.0239703586
   0.0224742705
   0.0338738588
   0.0272151377
   0.0234772522
   0.0272160390
   0.0096773785
  -0.0028926028
   0.0201746243
   0.0153235262
   0.0089468554
  -0.0004063895
  -0.0093165130
   0.0169118634
   0.0122586789
   0.0072206308
   0.0092530389
   0.0146070169
   0.0187267017
   0.0136476613
   0.0116207053
   0.0153494175
   0.0100925437
   0.0031438186
   0.0065586760
   0.0127257154
   0.0166078164
   0.0186451161
   0.0142263623
   0.0069599081
  -0.0057529549
   0.0097020643
  -0.0041400986
   0.0256937968
   0.0183670893
   0.0319730082
   0.0078316090
   0.0191604744
   0.0258523849
   0.0346134998
   0.0145843597
   0.0226991087
   0.0282953388
   0.0320213033
   0.0094293862
   0.0199732564
   0.0263516540
   0.0260814394
   0.0195562188
  -0.0019787014
   0.0033511357
  -0.0031302276
   0.0052494142
   0.0013384876
  -0.0090926839
   0.0030845827
  -0.0039985732
  -0.0037400548
   0.0012970971
   0.0022154877
   0.0004481533
  -0.0062281214
  -0.0019297591
   0.0027356074
   0.0029208433
  -0.0129135180
  -0.0022885906
   0.0028381370
   0.0043481099
  -0.0205065627
  -0.0049426735
   0.0022804545
  -0.0179591799
  -0.0045843969
   0.0022878450
  -0.0176834522
  -0.0084303875
  -0.0007166554
   0.0034022586
   0.0047097550
   0.0018998392
   0.0015753199
  -0.0022735167
   0.0003177378
   0.0033724060
   0.0027498651
   0.0023047462
  -0.0010781158
  -0.0015365134
  -0.0011699344
  -0.0005299600
  -0.0038083698
  -0.0059360659
  -0.0011277854
   0.0000845536
  -0.0010108641
  -0.0056674438
  -0.0147464713
  -0.0024702121
  -0.0104196766
  -0.0273366861
   0.0005986347
  -0.0023039806
  -0.0094158487
  -0.0255199470
  -0.0001979144
  -0.0009158473
  -0.0054027308
  -0.0151845635
  -0.0014740963
  -0.0015008835
  -0.0006402461
  -0.0040325667
  -0.0063335271
  -0.0003238878
  -0.0011595548
  -0.0080522776
  -0.0089765773
  -0.0019983932
  -0.0153892498
  -0.0045413105
  -0.0001544425
  -0.0108706371
  -0.0028873686
  -0.0107725481
   0.0158493928
   0.0202716772
   0.0196360224
   0.0196865623
   0.0167261738
   0.0176662893
   0.0135330751
   0.0066565151
  -0.0076047971
   0.0180428310
   0.0140012732
   0.0175577397
   0.0192061456
   0.0244205363
   0.0180643028
   0.0072123207
   0.0101167952
   0.0063715312
   0.0091220439
   0.0057869975
   0.0126064667
   0.0071305540
   0.0205494046
   0.0080634130
   0.0164160388
   0.0077235855
   0.0229185132
   0.0106057571
   0.0145683602
   0.0057886744
   0.0090377224
   0.0069999671
  -0.0012359982
  -0.0050191371
  -0.0030110809
  -0.0052646857
  -0.0085688369
  -0.0045293671
  -0.0105875242
  -0.0065722779
  -0.0100192328
  -0.0105052109
  -0.0020858107
  -0.0103700094
  -0.0104612069
  -0.0015001732
  -0.0110318739
  -0.0058668090
  -0.0073282950
  -0.0093230651
  -0.0036761277
  -0.0032827406
  -0.0064485218
  -0.0028237069
  -0.0020032013
   0.0017981469
   0.0025920616
   0.0002350708
   0.0026985084
   0.0006534133
   0.0027157684
   0.0040418918
   0.0035513628
   0.0043383260
   0.0028812940
   0.0032530345
  -0.0006826116
  -0.0012147429
  -0.0047080502
   0.0024792791
  -0.0050830954
  -0.0029408877
   0.0011723507
  -0.0098140741
  -0.0093538921
  -0.0163202938
  -0.0140964066
  -0.0151137122
  -0.0203953966
  -0.0200094654
  -0.0125390184
  -0.0207438945
  -0.0230729877
  -0.0201871487
  -0.0195316080
  -0.0232754085
  -0.0228411536
  -0.0196106661
  -0.0225920805
  -0.0205971692
  -0.0114346924
  -0.0187231099
  -0.0194653480
  -0.0151370197
  -0.0137763187
  -0.0128137656
  -0.0068052867
  -0.0003167946
   0.0027447969
  -0.0013310222
   0.0043137530
   0.0011744621
  -0.0017365387
   0.0030416442
  -0.0043635490
  -0.0029225432
  -0.0070248053
   0.0006290985
  -0.0128626940
  -0.0159627836
  -0.0212216180
  -0.0157236502
  -0.0247956780
  -0.0266847321
  -0.0238608493
  -0.0265658846
  -0.0294502394
  -0.0288963652
  -0.0246438289
  -0.0281228916
  -0.0302081615
  -0.0296445192
  -0.0261977392
  -0.0257821301
  -0.0287531175
  -0.0280282309
  -0.0231950870
  -0.0234872755
  -0.0250729061
  -0.0213062424
  -0.0142913820
  -0.0186322942
   0.0013930169
   0.0007981514
   0.0031544160
   0.0012891436
   0.0009747897
   0.0002788356
  -0.0038895551
   0.0034289577
  -0.0070207946
   0.0004278075
   0.0035238122
   0.0043511098
   0.0008976977
   0.0036593503
   0.0044790178
   0.0039889871
   0.0035794606
   0.0026841999
  -0.0006109974
   0.0003295322
  -0.0033220566
  -0.0107343816
  -0.0049256887
  -0.0011724185
  -0.0005027393
  -0.0003548215
  -0.0009066032
  -0.0039913068
  -0.0118222516
  -0.0005177268
  -0.0008132900
  -0.0017822575
  -0.0063827812
  -0.0036634359
   0.0207438135
   0.0270235700
   0.0229929128
   0.0211967325
   0.0199513587
   0.0276376008
   0.0234693569
   0.0213874052
   0.0200261643
   0.0282139355
   0.0237788117
   0.0212318584
   0.0288486578
   0.0238986033
   0.0209638780
   0.0236943091
  -0.0029192110
   0.0152821036
   0.0093699104
   0.0009897083
   0.0172665347
   0.0131147997
   0.0078075254
   0.0008277992
  -0.0045508207
   0.0145556276
   0.0104400141
   0.0064579953
   0.0080612294
   0.0126373401
   0.0160990923
   0.0116777517
   0.0096275608
   0.0128771854
   0.0082808432
   0.0029215622
   0.0055086639
   0.0107261167
   0.0140208604
   0.0157149532
   0.0118117575
   0.0056710239
  -0.0039527465
   0.0146026039
   0.0086730282
  -0.0009503736
   0.0270074160
   0.0157492944
   0.0217448362
   0.0304002403
   0.0134795272
   0.0199229254
   0.0247606963
   0.0303550855
   0.0138791663
   0.0201753778
   0.0249096805
   0.0270638528
   0.0166212348
   0.0222542373
   0.0219610198
   0.0164079967
   0.0021526719
  -0.0030644160
   0.0031984819
  -0.0007860608
   0.0030998521
  -0.0010038534
   0.0017212104
  -0.0040966542
  -0.0034446247
   0.0002350900
   0.0013611685
  -0.0004062874
  -0.0054098219
  -0.0024671518
   0.0013651895
   0.0018693406
  -0.0107855422
  -0.0027834999
   0.0014874249
   0.0029072426
   0.0020797268
  -0.0102598656
  -0.0019833251
   0.0022181644
  -0.0128920330
  -0.0082912432
  -0.0013453709
   0.0025344235
  -0.0122502215
  -0.0067775852
  -0.0011458319
   0.0021555700
   0.0032176684
   0.0012072785
   0.0007564427
  -0.0021791913
  -0.0004215451
   0.0020815166
   0.0018484644
   0.0012573545
  -0.0019090510
  -0.0019361939
  -0.0017659106
  -0.0015287154
  -0.0040984364
  -0.0054053897
  -0.0018251924
  -0.0009612046
  -0.0018531641
  -0.0054740939
  -0.0118420028
  -0.0017740526
  -0.0059937461
  -0.0142630597
  -0.0067920019
  -0.0176343436
  -0.0005437652
  -0.0017590065
  -0.0055698094
  -0.0135985470
  -0.0011803449
  -0.0018205583
  -0.0053834143
  -0.0123381152
  -0.0018120123
  -0.0020003670
  -0.0016201686
  -0.0042603901
  -0.0055496986
  -0.0010712610
  -0.0018982715
  -0.0075233981
  -0.0087421379
  -0.0029627022
  -0.0164674321
  -0.0064228958
  -0.0019009953
  -0.0178138107
  -0.0069777468
  -0.0022090618
  -0.0107401687
  -0.0039044691
  -0.0098142427
